faces 338
verts 263
Harimau.png
0 1 2 |0.175110 0.658997 0.472534 0.539307 0.472351 0.669617
0.643881 0.761827 0.070968
Harimau.png
3 4 5 |0.174866 0.837830 0.472656 0.827209 0.472656 0.957336
-0.643524 0.762127 0.070988
Harimau_engine.png
6 7 8 |0.037933 0.152130 0.037933 0.152130 0.037933 0.152130
-0.000875 -0.999433 -0.033654
Harimau.png
9 10 11 |0.054199 0.167725 0.058838 0.141540 0.179626 0.137695
0.830291 0.546723 -0.108213
Harimau.png
12 13 14 |0.826965 0.660034 0.729370 0.689575 0.830566 0.592590
0.584993 0.807083 0.079999
Harimau_engine.png
15 16 17 |0.245819 0.126129 0.245819 0.126129 0.245819 0.126129
-0.000004 -0.956284 0.292441
Harimau_engine.png
15 18 16 |0.245819 0.126129 0.245819 0.126129 0.245819 0.126129
-0.000003 -0.979262 0.202597
Harimau.png
19 20 21 |0.827026 0.841492 0.830505 0.909607 0.729309 0.811584
-0.584471 0.807481 0.079798
Harimau_engine.png
22 23 15 |0.037933 0.152130 0.037933 0.152130 0.037933 0.152130
0.434503 -0.898607 -0.060926
Harimau_engine.png
17 16 24 |0.037933 0.152130 0.037933 0.152130 0.037933 0.152130
-0.434544 -0.898587 -0.060932
Harimau.png
2 1 13 |0.526489 0.685791 0.526672 0.553894 0.729370 0.689575
0.642884 0.760596 0.090521
Harimau.png
21 5 4 |0.729309 0.811584 0.526062 0.948669 0.526062 0.815430
-0.642502 0.760917 0.090534
Harimau.png
25 26 27 |0.341431 0.047668 0.265930 0.079224 0.247498 0.028259
0.853699 0.485460 -0.188485
Harimau.png
28 29 30 |0.181091 0.357483 0.052979 0.327637 0.140930 0.322937
-0.841020 0.531184 -0.102611
Harimau_engine.png
31 32 33 |0.394501 0.006500 0.409515 0.232941 0.306366 0.232941
0.000000 0.588826 -0.808260
Harimau.png
34 35 36 |0.161987 0.230652 0.217041 0.268494 0.161987 0.266540
0.000000 0.878851 -0.477097
Harimau_engine.png
18 37 38 |0.847382 0.678497 0.818573 0.830109 0.672455 0.721100
-0.852786 0.500956 -0.147641
Harimau.png
28 39 29 |0.181091 0.357483 0.057739 0.353638 0.052979 0.327637
-0.830332 0.546665 -0.108191
Harimau_engine.png
6 8 40 |0.037933 0.152130 0.037933 0.152130 0.037933 0.152130
-0.343900 -0.937141 -0.059161
Harimau_engine.png
41 42 43 |0.859589 0.835480 0.954437 0.764557 0.902802 0.670685
0.382629 0.315822 -0.868246
Harimau.png
44 45 46 |0.532715 0.767090 0.657532 0.718262 0.657532 0.781738
0.000000 0.969489 -0.245135
Harimau_engine.png
47 48 49 |0.302094 0.784332 0.414276 0.817169 0.348846 0.823517
0.031024 0.862394 -0.505286
Harimau_engine.png
50 51 52 |0.129486 0.671539 0.129486 0.671539 0.129486 0.671539
0.893498 0.449063 -0.001972
Harimau_engine.png
53 54 55 |0.129486 0.671539 0.129486 0.671539 0.129486 0.671539
-0.893502 0.449055 -0.002016
Harimau_engine.png
48 56 57 |0.392914 0.476349 0.467010 0.655426 0.319427 0.655426
0.967394 0.245855 -0.060861
Harimau.png
58 25 59 |0.073425 0.235046 0.014282 0.205933 0.140320 0.172546
0.688436 0.722841 0.059631
Harimau.png
60 61 62 |0.341858 0.488098 0.266907 0.418945 0.341858 0.448914
-0.792114 0.561475 -0.239377
Harimau_engine.png
49 63 47 |0.348846 0.823517 0.302094 0.966461 0.302094 0.784332
0.000000 0.868285 -0.496066
Harimau.png
64 3 5 |0.126709 0.917481 0.174866 0.837830 0.472656 0.957336
-0.824233 0.535117 0.185176
Harimau.png
1 0 65 |0.472534 0.539307 0.175110 0.658997 0.127319 0.579224
0.824822 0.534151 0.185342
Harimau_engine.png
15 43 18 |0.245819 0.126129 0.245819 0.126129 0.245819 0.126129
-0.000060 -0.979280 0.202509
Harimau_engine.png
66 43 15 |0.672455 0.721100 0.847137 0.678375 0.672455 0.602936
0.809069 0.573463 -0.128640
Harimau_engine.png
23 22 33 |0.672699 0.281891 0.418060 0.184357 0.554657 0.357452
-0.831103 -0.473411 -0.291805
Harimau.png
9 11 59 |0.054199 0.167725 0.179626 0.137695 0.140320 0.172546
0.841060 0.531125 -0.102590
Harimau_engine.png
17 24 32 |0.418060 0.184357 0.672821 0.281891 0.554657 0.357452
0.831112 -0.473386 -0.291818
Harimau.png
36 67 28 |0.133057 0.266968 0.193054 0.298096 0.181091 0.357483
-0.594224 0.722249 -0.353913
Harimau_engine.png
68 7 69 |0.037933 0.152130 0.037933 0.152130 0.037933 0.152130
0.344168 -0.937055 -0.058969
Harimau_engine.png
70 18 71 |0.859589 0.835480 0.902802 0.670563 0.954437 0.764557
-0.383193 0.314733 -0.868393
Harimau_engine.png
15 17 22 |0.245819 0.126129 0.245819 0.126129 0.245819 0.126129
0.000030 -0.956299 0.292392
Harimau_engine.png
31 33 72 |0.394501 0.006500 0.306366 0.232941 0.321259 0.006500
0.000000 0.588826 -0.808260
Harimau_engine.png
6 40 73 |0.037933 0.152130 0.037933 0.152130 0.037933 0.152130
-0.362567 -0.929550 -0.066945
Harimau.png
74 75 76 |0.161987 0.814148 0.068359 0.845947 0.068359 0.822937
-0.504200 0.820901 0.268148
Harimau_engine.png
77 78 79 |0.129486 0.671539 0.129486 0.671539 0.129486 0.671539
0.123991 0.688968 0.714108
Harimau_engine.png
80 81 82 |0.319427 0.655426 0.467010 0.655426 0.392914 0.476349
-0.967394 0.245856 -0.060861
Harimau_engine.png
82 63 83 |0.414276 0.933624 0.302094 0.966461 0.348846 0.927277
-0.031028 0.862394 -0.505286
Harimau.png
1 14 13 |0.526672 0.553894 0.830566 0.592590 0.729370 0.689575
0.612487 0.781950 0.115822
Harimau_engine.png
84 8 85 |0.037933 0.152130 0.037933 0.152130 0.037933 0.152130
-0.392547 -0.906642 -0.154617
Harimau_engine.png
86 87 88 |0.037933 0.152130 0.037933 0.152130 0.037933 0.152130
0.615212 -0.786830 0.049123
Harimau.png
89 90 91 |0.316833 0.261658 0.351196 0.345398 0.285339 0.287720
-0.392021 0.898315 -0.198368
Harimau_engine.png
92 93 94 |0.037933 0.152130 0.037933 0.152130 0.037933 0.152130
-0.615098 -0.786912 0.049237
Harimau.png
95 96 97 |0.351196 0.151306 0.316833 0.235046 0.285339 0.208984
0.392048 0.898297 -0.198394
Harimau.png
98 89 99 |0.371704 0.345032 0.316833 0.261658 0.411316 0.345764
-0.252755 0.894924 -0.367731
Harimau_engine.png
88 87 100 |0.037933 0.152130 0.037933 0.152130 0.037933 0.152130
0.576203 -0.802695 0.153852
Harimau.png
101 102 96 |0.371704 0.151672 0.411316 0.150940 0.316833 0.235046
0.252758 0.894916 -0.367749
Harimau_engine.png
92 103 93 |0.037933 0.152130 0.037933 0.152130 0.037933 0.152130
-0.576129 -0.802748 0.153853
Harimau_engine.png
104 105 106 |0.129486 0.671539 0.129486 0.671539 0.129486 0.671539
-0.725663 0.023163 0.687661
Harimau_engine.png
107 108 104 |0.129486 0.671539 0.129486 0.671539 0.129486 0.671539
-0.722428 0.040530 -0.690258
Harimau_engine.png
50 109 51 |0.129486 0.671539 0.129486 0.671539 0.129486 0.671539
0.878851 0.476820 0.016251
Harimau_engine.png
110 111 112 |0.212860 0.193390 0.212860 0.532013 0.169037 0.479889
0.890333 0.453687 0.038406
Harimau_engine.png
113 114 115 |0.075043 0.532013 0.118866 0.149567 0.118866 0.479889
-0.896710 0.435328 0.080007
Harimau_engine.png
33 116 117 |0.306366 0.232941 0.402557 0.459991 0.313202 0.459991
-0.000000 -0.672413 -0.740176
Harimau_engine.png
33 118 23 |0.554657 0.357452 0.626312 0.510773 0.672699 0.281891
-0.885071 -0.258223 -0.387261
Harimau.png
20 5 21 |0.830505 0.909607 0.526062 0.948669 0.729309 0.811584
-0.612085 0.782266 0.115808
Harimau_engine.png
7 119 120 |0.037933 0.152130 0.037933 0.152130 0.037933 0.152130
0.392540 -0.906647 -0.154611
Harimau_engine.png
121 122 123 |0.026825 0.193390 0.282074 0.892731 0.004608 0.892731
0.000000 0.996277 0.086205
Harimau.png
13 45 124 |0.729370 0.689575 0.852722 0.708374 0.727722 0.738342
0.798038 0.599945 -0.056585
Harimau.png
11 125 126 |0.179626 0.137695 0.213989 0.145203 0.191345 0.197571
0.531191 0.528324 -0.662352
Harimau_engine.png
127 15 23 |0.037933 0.152130 0.037933 0.152130 0.037933 0.152130
-0.557910 -0.826206 0.078230
Harimau.png
128 28 67 |0.216126 0.350037 0.181091 0.357483 0.193054 0.298096
-0.531212 0.528326 -0.662333
Harimau_engine.png
24 16 129 |0.037933 0.152130 0.037933 0.152130 0.037933 0.152130
0.557892 -0.826218 0.078229
Harimau_engine.png
121 130 122 |0.026825 0.193390 0.259857 0.193390 0.282074 0.892731
0.000000 0.996277 0.086205
Harimau.png
131 132 133 |0.159241 0.732971 0.450684 0.729919 0.450684 0.766357
-0.000000 0.988091 0.153873
Harimau.png
134 131 74 |0.064636 0.739441 0.159241 0.732971 0.159241 0.763306
0.000000 0.963343 0.268273
Harimau.png
131 133 74 |0.159241 0.732971 0.450684 0.766357 0.159241 0.763306
0.000000 0.988091 0.153872
Harimau_engine.png
56 135 136 |0.502899 0.846954 0.591522 0.802032 0.591522 0.948883
0.000000 0.998698 -0.051006
Harimau.png
30 62 137 |0.140930 0.322937 0.012268 0.289795 0.072632 0.260986
-0.688448 0.722831 0.059623
Harimau_engine.png
110 112 138 |0.212860 0.193390 0.169037 0.479889 0.169037 0.149567
0.814385 0.570766 0.104899
Harimau_engine.png
139 86 140 |0.037933 0.152130 0.037933 0.152130 0.037933 0.152130
0.440540 -0.895059 0.069234
Harimau.png
141 91 90 |0.284241 0.344360 0.285339 0.287720 0.351196 0.345398
-0.497352 0.861081 -0.105732
Harimau_engine.png
142 143 94 |0.037933 0.152130 0.037933 0.152130 0.037933 0.152130
-0.440540 -0.895059 0.069234
Harimau.png
95 97 144 |0.351196 0.151306 0.285339 0.208984 0.284241 0.152344
0.497350 0.861074 -0.105800
Harimau.png
145 99 146 |0.414246 0.402588 0.411316 0.345764 0.434082 0.403015
-0.393136 0.833968 -0.387223
Harimau_engine.png
100 87 147 |0.037933 0.152130 0.037933 0.152130 0.037933 0.152130
0.507965 -0.860150 0.045963
Harimau.png
148 149 102 |0.414246 0.094116 0.434082 0.093689 0.411316 0.150940
0.393145 0.833981 -0.387185
Harimau_engine.png
103 150 93 |0.037933 0.152130 0.037933 0.152130 0.037933 0.152130
-0.507848 -0.860223 0.045892
Harimau.png
34 151 35 |0.161987 0.230652 0.217041 0.228699 0.217041 0.268494
0.000000 0.878851 -0.477097
Harimau.png
34 11 126 |0.132568 0.228943 0.179626 0.137695 0.191345 0.197571
0.594206 0.722259 -0.353923
Harimau_engine.png
57 81 80 |0.319427 0.655426 0.467010 0.736847 0.319427 0.736847
0.000001 0.969564 -0.244840
Harimau_engine.png
49 83 63 |0.348846 0.823517 0.348846 0.927277 0.302094 0.966461
0.000000 0.868284 -0.496067
Harimau_engine.png
50 52 108 |0.129486 0.671539 0.129486 0.671539 0.129486 0.671539
0.032554 0.254674 0.966479
Harimau_engine.png
54 108 55 |0.129486 0.671539 0.129486 0.671539 0.129486 0.671539
-0.032553 0.254674 0.966479
Harimau.png
152 131 134 |0.068787 0.650818 0.162170 0.682678 0.068787 0.673889
0.504156 0.820923 0.268164
Harimau_engine.png
153 154 155 |0.231048 0.087677 0.231048 0.087677 0.231048 0.087677
0.002958 -0.024670 0.999691
Harimau_engine.png
17 32 156 |0.037933 0.152130 0.037933 0.152130 0.037933 0.152130
-0.991003 -0.113930 -0.070232
Harimau_engine.png
157 17 156 |0.037933 0.152130 0.037933 0.152130 0.037933 0.152130
-0.000008 -0.984779 0.173812
Harimau_engine.png
123 122 158 |0.004608 0.892731 0.282074 0.892731 0.224823 0.992950
0.000000 -0.039680 0.999212
Harimau.png
44 46 21 |0.727661 0.762329 0.852844 0.792602 0.729309 0.811584
-0.798037 0.599945 -0.056585
Harimau_engine.png
53 159 54 |0.129486 0.671539 0.129486 0.671539 0.129486 0.671539
-0.879394 0.475829 0.015898
Harimau.png
160 161 46 |0.693787 0.725525 0.693787 0.774475 0.657532 0.781738
0.000000 0.991497 0.130131
Harimau_engine.png
70 37 18 |0.853485 0.829864 0.818573 0.830109 0.847382 0.678497
-0.843490 0.535170 -0.046020
Harimau_engine.png
162 163 164 |0.037933 0.152130 0.037933 0.152130 0.037933 0.152130
0.498485 -0.848134 0.179393
Harimau_engine.png
165 166 167 |0.037933 0.152130 0.037933 0.152130 0.037933 0.152130
0.687218 0.299842 0.661684
Harimau_engine.png
168 169 170 |0.037933 0.152130 0.037933 0.152130 0.037933 0.152130
-0.498533 -0.848105 0.179393
Harimau_engine.png
171 172 173 |0.037933 0.152130 0.037933 0.152130 0.037933 0.152130
-0.687218 0.299842 0.661684
Harimau_engine.png
115 111 113 |0.047211 0.119171 0.047211 0.119171 0.047211 0.119171
-0.000000 0.463384 -0.886157
Harimau.png
141 90 174 |0.284241 0.344360 0.351196 0.345398 0.351196 0.402100
-0.598068 0.794623 -0.104347
Harimau.png
175 145 176 |0.418213 0.459168 0.414246 0.402588 0.456787 0.460815
-0.568955 0.801813 -0.182716
Harimau.png
95 144 177 |0.351196 0.151306 0.284241 0.152344 0.351196 0.094666
0.598063 0.794616 -0.104428
Harimau.png
148 178 179 |0.414246 0.094116 0.418213 0.037537 0.456787 0.035950
0.568880 0.801866 -0.182719
Harimau_engine.png
180 32 24 |0.626312 0.510773 0.554657 0.357452 0.672821 0.281891
0.885070 -0.258224 -0.387261
Harimau_engine.png
33 32 116 |0.306366 0.232941 0.409515 0.232941 0.402557 0.459991
-0.000000 -0.672413 -0.740176
Harimau.png
45 27 26 |0.221008 0.077148 0.247498 0.028259 0.265930 0.079224
0.843565 0.535054 -0.045986
Harimau.png
160 46 45 |0.693787 0.725525 0.657532 0.781738 0.657532 0.718262
0.000000 0.991497 0.130130
Harimau_engine.png
181 130 121 |0.085052 0.036163 0.259857 0.193390 0.026825 0.193390
0.000000 0.542669 -0.839947
Harimau.png
3 133 4 |0.174866 0.837830 0.450256 0.791809 0.472656 0.827209
-0.871712 0.487318 0.051376
Harimau_engine.png
157 22 17 |0.037933 0.152130 0.037933 0.152130 0.037933 0.152130
0.000035 -0.984772 0.173849
Harimau_engine.png
33 22 157 |0.037933 0.152130 0.037933 0.152130 0.037933 0.152130
0.990996 -0.113977 -0.070254
Harimau_engine.png
68 69 182 |0.037933 0.152130 0.037933 0.152130 0.037933 0.152130
0.364135 -0.928912 -0.067291
Harimau_engine.png
6 183 184 |0.037933 0.152130 0.037933 0.152130 0.037933 0.152130
-0.000374 -0.991504 0.130074
Harimau.png
11 185 186 |0.179626 0.137695 0.042358 0.135620 0.126648 0.070801
0.796013 0.605278 -0.001038
Harimau.png
11 187 125 |0.179626 0.137695 0.204407 0.085571 0.213989 0.145203
0.446105 0.612433 -0.652622
Harimau.png
188 189 28 |0.126953 0.423828 0.040894 0.359497 0.181091 0.357483
-0.795987 0.605312 -0.001050
Harimau.png
128 190 28 |0.216126 0.350037 0.206360 0.409180 0.181091 0.357483
-0.446096 0.612461 -0.652602
Harimau.png
9 59 25 |0.054199 0.167725 0.140320 0.172546 0.014282 0.205933
0.282367 0.957074 -0.065409
Harimau.png
185 9 25 |0.042358 0.135620 0.054199 0.167725 0.014282 0.205933
0.740363 0.360275 0.567508
Harimau.png
29 62 30 |0.052979 0.327637 0.012268 0.289795 0.140930 0.322937
-0.282360 0.957075 -0.065416
Harimau.png
29 189 62 |0.052979 0.327637 0.040894 0.359497 0.012268 0.289795
-0.740358 0.360311 0.567491
Harimau_engine.png
113 191 114 |0.075043 0.532013 0.075043 0.193390 0.118866 0.149567
-0.801454 0.595925 0.050447
Harimau_engine.png
192 193 194 |0.040009 0.154327 0.040009 0.154327 0.040009 0.154327
-0.387298 0.206325 -0.898571
Harimau.png
195 196 197 |0.834778 0.960754 0.686829 0.987000 0.832214 0.935303
-0.948358 0.317128 -0.006899
Harimau.png
64 5 198 |0.126709 0.917481 0.472656 0.957336 0.472656 0.977234
-0.916521 0.350745 0.192268
Harimau.png
198 5 197 |0.526062 0.969055 0.526062 0.948669 0.832214 0.935303
-0.932242 0.356761 0.060378
Harimau_engine.png
77 108 199 |0.129486 0.671539 0.129486 0.671539 0.129486 0.671539
0.723185 0.013598 -0.690520
Harimau_engine.png
108 77 79 |0.129486 0.671539 0.129486 0.671539 0.129486 0.671539
0.589183 0.570545 -0.572137
Harimau.png
65 200 1 |0.127319 0.579224 0.472656 0.519348 0.472534 0.539307
0.917003 0.349423 0.192379
Harimau.png
1 201 202 |0.526672 0.553894 0.687317 0.515930 0.832336 0.567139
0.872994 0.482297 0.072598
Harimau_engine.png
203 85 204 |0.040009 0.154327 0.040009 0.154327 0.040009 0.154327
0.385868 0.208989 -0.898571
Harimau.png
205 202 201 |0.835022 0.541931 0.832336 0.567139 0.687317 0.515930
0.948446 0.316863 -0.006944
Harimau_engine.png
181 206 130 |0.085052 0.036163 0.201507 0.036163 0.259857 0.193390
0.000000 0.542669 -0.839947
Harimau.png
0 2 132 |0.175110 0.658997 0.472351 0.669617 0.449951 0.705017
0.871712 0.487318 0.051376
Harimau_engine.png
105 207 106 |0.129486 0.671539 0.129486 0.671539 0.129486 0.671539
0.767350 0.021586 0.640865
Harimau_engine.png
107 199 108 |0.129486 0.671539 0.129486 0.671539 0.129486 0.671539
-0.743507 0.013166 -0.668598
Harimau_engine.png
208 79 78 |0.129486 0.671539 0.129486 0.671539 0.129486 0.671539
0.000000 0.202526 0.979277
Harimau_engine.png
104 108 208 |0.129486 0.671539 0.129486 0.671539 0.129486 0.671539
-0.589183 0.570545 -0.572137
Harimau.png
189 60 62 |0.040894 0.359497 0.012268 0.331177 0.012268 0.289795
-0.786465 0.557438 0.265962
Harimau_engine.png
16 209 129 |0.672455 0.602936 0.628387 0.662018 0.496307 0.484528
-0.892399 0.419883 0.165296
Harimau_engine.png
210 66 15 |0.628387 0.662018 0.672455 0.721100 0.672455 0.602936
0.786468 0.557444 0.265940
Harimau_engine.png
15 127 210 |0.672455 0.602936 0.496307 0.484528 0.628387 0.662018
0.892404 0.419878 0.165281
Harimau_engine.png
56 136 81 |0.502899 0.846954 0.591522 0.948883 0.502899 0.903839
0.000000 0.998698 -0.051006
Harimau_engine.png
57 56 81 |0.319427 0.655426 0.467010 0.655426 0.467010 0.736847
0.000000 0.969564 -0.244839
Harimau.png
154 153 76 |0.022461 0.857178 0.022339 0.837158 0.068359 0.822937
-0.394905 0.803558 0.445360
Harimau.png
155 134 211 |0.023132 0.639587 0.068787 0.673889 0.022827 0.659668
0.399827 0.801693 0.444327
Harimau_engine.png
80 49 57 |0.497528 0.726959 0.544891 0.617340 0.530731 0.726959
0.000000 0.483702 0.875233
Harimau_engine.png
48 57 49 |0.392914 0.476349 0.319427 0.655426 0.319916 0.542877
0.950372 0.285681 -0.123203
Harimau_engine.png
212 139 166 |0.037933 0.152130 0.037933 0.152130 0.037933 0.152130
0.913637 0.406522 -0.002776
Harimau.png
213 214 215 |0.270325 0.288757 0.255493 0.345215 0.244324 0.291565
-0.485275 0.735708 0.472485
Harimau_engine.png
173 142 216 |0.037933 0.152130 0.037933 0.152130 0.037933 0.152130
-0.913637 0.406522 -0.002776
Harimau.png
217 218 219 |0.255493 0.151550 0.270325 0.207947 0.244324 0.205139
0.485276 0.735707 0.472485
Harimau.png
58 59 34 |0.073425 0.235046 0.140320 0.172546 0.132568 0.228943
0.658988 0.751863 0.020925
Harimau.png
34 59 11 |0.132568 0.228943 0.140320 0.172546 0.179626 0.137695
0.558700 0.724707 -0.403303
Harimau.png
30 137 36 |0.140930 0.322937 0.072632 0.260986 0.133057 0.266968
-0.659030 0.751824 0.020957
Harimau.png
36 28 30 |0.133057 0.266968 0.181091 0.357483 0.140930 0.322937
-0.558764 0.724698 -0.403231
Harimau.png
65 0 152 |0.127319 0.579224 0.175110 0.658997 0.068787 0.650818
0.828572 0.531213 0.176867
Harimau_engine.png
183 6 73 |0.037933 0.152130 0.037933 0.152130 0.037933 0.152130
-0.334350 -0.929029 0.158480
Harimau.png
64 75 3 |0.126709 0.917481 0.068359 0.845947 0.174866 0.837830
-0.827845 0.532280 0.177064
Harimau_engine.png
184 182 69 |0.037933 0.152130 0.037933 0.152130 0.037933 0.152130
0.334880 -0.928917 0.158013
Harimau.png
217 144 218 |0.255493 0.151550 0.284241 0.152344 0.270325 0.207947
0.475979 0.731479 0.488244
Harimau.png
217 177 144 |0.255493 0.151550 0.351196 0.094666 0.284241 0.152344
0.881914 0.263722 0.390740
Harimau.png
213 141 214 |0.270325 0.288757 0.284241 0.344360 0.255493 0.345215
-0.475979 0.731479 0.488244
Harimau.png
174 214 141 |0.351196 0.402100 0.255493 0.345215 0.284241 0.344360
-0.881870 0.263821 0.390774
Harimau_engine.png
123 158 220 |0.004608 0.892731 0.224823 0.992950 0.061737 0.992950
0.000000 -0.039679 0.999212
Harimau.png
44 124 45 |0.532715 0.767090 0.532715 0.732910 0.657532 0.718262
0.000000 0.969489 -0.245135
Harimau_engine.png
47 221 48 |0.302094 0.784332 0.414276 0.759064 0.414276 0.817169
0.000000 0.864729 -0.502239
Harimau_engine.png
48 221 222 |0.414276 0.817169 0.414276 0.759064 0.502899 0.818512
0.000000 0.930964 0.365111
Harimau_engine.png
223 224 82 |0.502899 0.932404 0.414276 0.991852 0.414276 0.933624
0.000000 0.930964 0.365111
Harimau_engine.png
82 224 63 |0.414276 0.933624 0.414276 0.991852 0.302094 0.966461
0.000000 0.864729 -0.502239
Harimau_engine.png
51 53 55 |0.129486 0.671539 0.129486 0.671539 0.129486 0.671539
-0.000211 0.999990 -0.004490
Harimau_engine.png
33 157 72 |0.037933 0.152130 0.037933 0.152130 0.037933 0.152130
0.984672 -0.115830 -0.130400
Harimau_engine.png
72 157 156 |0.037933 0.152130 0.037933 0.152130 0.037933 0.152130
0.000015 -0.943523 -0.331307
Harimau_engine.png
140 163 166 |0.037933 0.152130 0.037933 0.152130 0.037933 0.152130
0.495042 -0.866956 0.057618
Harimau_engine.png
139 140 166 |0.037933 0.152130 0.037933 0.152130 0.037933 0.152130
0.531275 -0.847199 0.000083
Harimau_engine.png
142 173 143 |0.037933 0.152130 0.037933 0.152130 0.037933 0.152130
-0.531275 -0.847199 0.000083
Harimau_engine.png
170 143 173 |0.037933 0.152130 0.037933 0.152130 0.037933 0.152130
-0.495043 -0.866956 0.057618
Harimau_engine.png
80 83 49 |0.497528 0.726959 0.483368 0.617340 0.544891 0.617340
0.000000 0.483702 0.875233
Harimau_engine.png
80 82 83 |0.319427 0.655426 0.392914 0.476349 0.319916 0.542877
-0.950372 0.285681 -0.123203
Harimau.png
217 225 177 |0.255493 0.151550 0.397278 0.035828 0.351196 0.094666
0.879061 0.282447 0.384025
Harimau_engine.png
93 226 227 |0.037933 0.152130 0.037933 0.152130 0.037933 0.152130
0.910683 -0.413076 0.004908
Harimau.png
174 228 214 |0.351196 0.402100 0.397278 0.460876 0.255493 0.345215
-0.879082 0.282132 0.384209
Harimau_engine.png
229 87 230 |0.037933 0.152130 0.037933 0.152130 0.037933 0.152130
-0.910683 -0.413076 0.004908
Harimau_engine.png
127 23 231 |0.037933 0.152130 0.037933 0.152130 0.037933 0.152130
-0.471333 -0.881898 -0.010083
Harimau.png
11 186 187 |0.179626 0.137695 0.126648 0.070801 0.204407 0.085571
0.828340 0.554407 -0.080538
Harimau_engine.png
24 129 232 |0.037933 0.152130 0.037933 0.152130 0.037933 0.152130
0.471316 -0.881907 -0.010087
Harimau.png
188 28 190 |0.126953 0.423828 0.181091 0.357483 0.206360 0.409180
-0.828305 0.554460 -0.080528
Harimau_engine.png
105 77 207 |0.129486 0.671539 0.129486 0.671539 0.129486 0.671539
0.726743 0.082083 0.681988
Harimau_engine.png
77 105 78 |0.129486 0.671539 0.129486 0.671539 0.129486 0.671539
0.264176 -0.897416 0.353350
Harimau_engine.png
6 184 69 |0.037933 0.152130 0.037933 0.152130 0.037933 0.152130
-0.002558 -0.991638 0.129021
Harimau_engine.png
6 69 7 |0.037933 0.152130 0.037933 0.152130 0.037933 0.152130
-0.005636 -0.999442 -0.032928
Harimau_engine.png
108 79 50 |0.129486 0.671539 0.129486 0.671539 0.129486 0.671539
0.143271 0.968532 0.203519
Harimau_engine.png
50 79 109 |0.129486 0.671539 0.129486 0.671539 0.129486 0.671539
0.690754 0.723060 -0.006560
Harimau_engine.png
159 208 54 |0.129486 0.671539 0.129486 0.671539 0.129486 0.671539
-0.690468 0.723334 -0.006414
Harimau_engine.png
208 108 54 |0.129486 0.671539 0.129486 0.671539 0.129486 0.671539
-0.143271 0.968532 0.203519
Harimau_engine.png
104 106 107 |0.129486 0.671539 0.129486 0.671539 0.129486 0.671539
-0.764815 0.084013 0.638748
Harimau_engine.png
106 233 234 |0.129486 0.671539 0.129486 0.671539 0.129486 0.671539
0.000001 0.915041 0.403361
Harimau_engine.png
43 7 18 |0.245819 0.126129 0.245819 0.126129 0.245819 0.126129
-0.000254 -1.000000 0.000506
Harimau_engine.png
18 7 120 |0.037933 0.152130 0.037933 0.152130 0.037933 0.152130
0.236167 -0.970788 -0.042375
Harimau_engine.png
43 8 7 |0.245819 0.126129 0.245819 0.126129 0.245819 0.126129
-0.000777 -1.000000 0.000068
Harimau_engine.png
43 85 8 |0.037933 0.152130 0.037933 0.152130 0.037933 0.152130
-0.236713 -0.970638 -0.042759
Harimau_engine.png
7 68 119 |0.037933 0.152130 0.037933 0.152130 0.037933 0.152130
0.392114 -0.919577 -0.024996
Harimau.png
198 197 196 |0.526062 0.969055 0.832214 0.935303 0.686829 0.987000
-0.850642 0.517911 0.090418
Harimau_engine.png
77 199 207 |0.129486 0.671539 0.129486 0.671539 0.129486 0.671539
0.742886 0.042931 -0.668040
Harimau_engine.png
234 233 199 |0.129486 0.671539 0.129486 0.671539 0.129486 0.671539
0.000001 0.899767 -0.436371
Harimau_engine.png
51 55 52 |0.129486 0.671539 0.129486 0.671539 0.129486 0.671539
0.000000 0.999990 -0.004392
Harimau_engine.png
55 108 52 |0.129486 0.671539 0.129486 0.671539 0.129486 0.671539
0.000000 0.268419 0.963302
Harimau_engine.png
163 167 166 |0.037933 0.152130 0.037933 0.152130 0.037933 0.152130
0.882376 -0.222538 0.414595
Harimau.png
99 89 235 |0.411316 0.345764 0.316833 0.261658 0.332886 0.264465
0.096062 0.825431 -0.556269
Harimau_engine.png
170 173 172 |0.037933 0.152130 0.037933 0.152130 0.037933 0.152130
-0.882376 -0.222538 0.414595
Harimau.png
236 96 102 |0.332886 0.232239 0.316833 0.235046 0.411316 0.150940
-0.096071 0.825432 -0.556267
Harimau_engine.png
84 40 8 |0.037933 0.152130 0.037933 0.152130 0.037933 0.152130
-0.392121 -0.919574 -0.024997
Harimau.png
1 200 201 |0.526672 0.553894 0.526794 0.533691 0.687317 0.515930
0.929245 0.354540 0.103948
Harimau_engine.png
156 32 31 |0.037933 0.152130 0.037933 0.152130 0.037933 0.152130
-0.984679 -0.115781 -0.130393
Harimau_engine.png
72 156 31 |0.037933 0.152130 0.037933 0.152130 0.037933 0.152130
-0.000000 -0.943516 -0.331326
Harimau_engine.png
115 112 111 |0.047211 0.119171 0.047211 0.119171 0.047211 0.119171
0.000000 0.463385 -0.886157
Harimau_engine.png
112 115 114 |0.169037 0.479889 0.118866 0.479889 0.118866 0.149567
-0.000000 0.983527 0.180759
Harimau.png
134 74 76 |0.064636 0.739441 0.159241 0.763306 0.064636 0.756836
0.000000 0.963343 0.268273
Harimau.png
134 76 153 |0.064636 0.739441 0.064636 0.756836 0.018127 0.756836
0.000000 0.874647 0.484760
Harimau_engine.png
112 114 138 |0.169037 0.479889 0.118866 0.149567 0.169037 0.149567
0.000001 0.983527 0.180759
Harimau.png
185 10 9 |0.042358 0.135620 0.058838 0.141540 0.054199 0.167725
0.742598 0.360049 0.564724
Harimau.png
185 11 10 |0.042358 0.135620 0.179626 0.137695 0.058838 0.141540
0.960828 -0.276843 -0.012979
Harimau.png
29 39 189 |0.052979 0.327637 0.057739 0.353638 0.040894 0.359497
-0.742702 0.360074 0.564571
Harimau.png
189 39 28 |0.040894 0.359497 0.057739 0.353638 0.181091 0.357483
-0.960895 -0.276607 -0.012992
Harimau.png
152 0 131 |0.068787 0.650818 0.175110 0.658997 0.162170 0.682678
0.648025 0.731811 0.210988
Harimau.png
0 132 131 |0.175110 0.658997 0.449951 0.705017 0.162170 0.682678
0.622982 0.771752 0.127645
Harimau.png
74 3 75 |0.161987 0.814148 0.174866 0.837830 0.068359 0.845947
-0.648025 0.731811 0.210988
Harimau.png
3 74 133 |0.174866 0.837830 0.161987 0.814148 0.450256 0.791809
-0.622981 0.771752 0.127645
Harimau.png
146 99 237 |0.434082 0.403015 0.411316 0.345764 0.425720 0.346375
-0.218051 0.749344 -0.625250
Harimau.png
99 235 237 |0.411316 0.345764 0.332886 0.264465 0.425720 0.346375
0.081969 0.832325 -0.548193
Harimau.png
236 102 238 |0.332886 0.232239 0.411316 0.150940 0.425720 0.150330
-0.081976 0.832326 -0.548191
Harimau.png
149 238 102 |0.434082 0.093689 0.425720 0.150330 0.411316 0.150940
0.218043 0.749347 -0.625249
Harimau.png
45 13 12 |0.852722 0.708374 0.729370 0.689575 0.826965 0.660034
0.418722 0.907916 0.018960
Harimau.png
45 12 14 |0.852722 0.708374 0.826965 0.660034 0.830566 0.592590
0.543021 0.782955 -0.303495
Harimau.png
46 20 19 |0.852844 0.792602 0.830505 0.909607 0.827026 0.841492
-0.543120 0.782753 -0.303838
Harimau.png
46 19 21 |0.852844 0.792602 0.827026 0.841492 0.729309 0.811584
-0.418722 0.907917 0.018960
Harimau.png
155 152 134 |0.023132 0.639587 0.068787 0.650818 0.068787 0.673889
0.480556 0.782495 0.395940
Harimau.png
155 65 152 |0.023132 0.639587 0.127319 0.579224 0.068787 0.650818
0.846105 0.468183 0.254775
Harimau.png
154 76 75 |0.022461 0.857178 0.068359 0.822937 0.068359 0.845947
-0.481026 0.783170 0.394030
Harimau.png
64 154 75 |0.126709 0.917481 0.022461 0.857178 0.068359 0.845947
-0.845175 0.470133 0.254274
Harimau_engine.png
239 43 42 |0.972992 0.704254 0.902802 0.670685 0.954437 0.764557
0.337287 0.372334 -0.864641
Harimau.png
14 1 202 |0.830566 0.592590 0.526672 0.553894 0.832336 0.567139
0.753593 0.651406 0.088136
Harimau_engine.png
193 192 71 |0.972992 0.704254 0.990570 0.712677 0.954437 0.764557
-0.338493 0.370506 -0.864955
Harimau.png
20 197 5 |0.830505 0.909607 0.832214 0.935303 0.526062 0.948669
-0.753094 0.651976 0.088185
Harimau_engine.png
78 104 208 |0.129486 0.671539 0.129486 0.671539 0.129486 0.671539
-0.123990 0.688967 0.714108
Harimau_engine.png
105 104 78 |0.129486 0.671539 0.129486 0.671539 0.129486 0.671539
-0.264177 -0.897416 0.353350
Harimau_engine.png
56 222 135 |0.502899 0.846954 0.502899 0.818512 0.591522 0.802032
0.000000 0.998698 -0.051006
Harimau_engine.png
48 222 56 |0.414276 0.817169 0.502899 0.818512 0.502899 0.846954
-0.000000 0.930964 0.365111
Harimau_engine.png
81 136 223 |0.502899 0.903839 0.591522 0.948883 0.502899 0.932404
0.000000 0.998698 -0.051006
Harimau_engine.png
223 82 81 |0.502899 0.932404 0.414276 0.933624 0.502899 0.903839
0.000000 0.930964 0.365111
Harimau_engine.png
207 199 233 |0.129486 0.671539 0.129486 0.671539 0.129486 0.671539
0.607807 0.576048 -0.546570
Harimau_engine.png
106 207 233 |0.129486 0.671539 0.129486 0.671539 0.129486 0.671539
0.611535 0.604299 0.510733
Harimau_engine.png
107 106 234 |0.129486 0.671539 0.129486 0.671539 0.129486 0.671539
-0.611535 0.604298 0.510733
Harimau_engine.png
234 199 107 |0.129486 0.671539 0.129486 0.671539 0.129486 0.671539
-0.607807 0.576048 -0.546570
Harimau_engine.png
153 155 211 |0.231048 0.087677 0.231048 0.087677 0.231048 0.087677
0.000000 -0.036986 0.999316
Harimau.png
134 153 211 |0.064636 0.739441 0.018127 0.756836 0.018127 0.739441
0.000000 0.874647 0.484760
Harimau_engine.png
32 180 116 |0.554657 0.357452 0.626312 0.510773 0.631439 0.531280
0.167884 -0.671945 -0.721322
Harimau.png
67 36 35 |0.214783 0.275085 0.161987 0.266540 0.217041 0.268494
-0.529790 0.754530 -0.387307
Harimau.png
146 240 241 |0.434082 0.403015 0.443787 0.403442 0.452820 0.432678
-0.215038 0.735665 -0.642305
Harimau_engine.png
229 242 87 |0.037933 0.152130 0.037933 0.152130 0.037933 0.152130
-0.913947 -0.405801 0.005179
Harimau.png
243 244 149 |0.452820 0.064087 0.443787 0.093262 0.434082 0.093689
0.214957 0.735672 -0.642324
Harimau_engine.png
93 245 226 |0.037933 0.152130 0.037933 0.152130 0.037933 0.152130
0.913948 -0.405799 0.005179
Harimau_engine.png
88 100 162 |0.037933 0.152130 0.037933 0.152130 0.037933 0.152130
0.471773 -0.868228 0.153653
Harimau.png
146 237 240 |0.434082 0.403015 0.425720 0.346375 0.443787 0.403442
-0.210533 0.737588 -0.641592
Harimau_engine.png
92 168 103 |0.037933 0.152130 0.037933 0.152130 0.037933 0.152130
-0.471774 -0.868228 0.153654
Harimau.png
149 244 238 |0.434082 0.093689 0.443787 0.093262 0.425720 0.150330
0.210512 0.737570 -0.641620
Harimau_engine.png
246 47 63 |0.289154 0.951813 0.302094 0.784332 0.302094 0.966461
0.000000 0.883120 -0.469148
Harimau.png
61 46 161 |0.266907 0.418945 0.222351 0.420898 0.258301 0.412781
-0.658908 0.751417 -0.034831
Harimau_engine.png
118 33 117 |0.626312 0.510773 0.554657 0.357452 0.631439 0.531280
-0.167884 -0.671945 -0.721322
Harimau.png
126 151 34 |0.214783 0.222046 0.217041 0.228699 0.161987 0.230652
0.529791 0.754530 -0.387307
Harimau_engine.png
88 162 164 |0.037933 0.152130 0.037933 0.152130 0.037933 0.152130
0.489987 -0.853087 0.179316
Harimau_engine.png
86 88 140 |0.037933 0.152130 0.037933 0.152130 0.037933 0.152130
0.580254 -0.811458 0.069588
Harimau_engine.png
92 169 168 |0.037933 0.152130 0.037933 0.152130 0.037933 0.152130
-0.489988 -0.853087 0.179316
Harimau_engine.png
92 94 143 |0.037933 0.152130 0.037933 0.152130 0.037933 0.152130
-0.580329 -0.811403 0.069587
Harimau_engine.png
18 38 16 |0.847382 0.678497 0.672455 0.721100 0.672455 0.602936
-0.809069 0.573465 -0.128628
Harimau_engine.png
209 16 38 |0.628387 0.662018 0.672455 0.602936 0.672455 0.721100
-0.786463 0.557442 0.265958
Harimau_engine.png
66 247 43 |0.672455 0.721100 0.818451 0.829987 0.847137 0.678375
0.852772 0.500961 -0.147711
Harimau_engine.png
247 41 43 |0.818451 0.829987 0.853363 0.829864 0.847137 0.678375
0.843566 0.535049 -0.046035
Harimau.png
175 174 145 |0.418213 0.459168 0.351196 0.402100 0.414246 0.402588
-0.573545 0.804644 -0.153605
Harimau.png
175 228 174 |0.418213 0.459168 0.397278 0.460876 0.351196 0.402100
-0.882664 0.353157 0.310137
Harimau.png
148 177 178 |0.414246 0.094116 0.351196 0.094666 0.418213 0.037537
0.573470 0.804697 -0.153606
Harimau.png
178 177 225 |0.418213 0.037537 0.351196 0.094666 0.397278 0.035828
0.882614 0.353254 0.310167
Harimau_engine.png
212 166 165 |0.037933 0.152130 0.037933 0.152130 0.037933 0.152130
0.916843 0.399220 0.004752
Harimau.png
141 213 91 |0.284241 0.344360 0.270325 0.288757 0.285339 0.287720
-0.470495 0.830094 0.299296
Harimau_engine.png
173 216 171 |0.037933 0.152130 0.037933 0.152130 0.037933 0.152130
-0.916843 0.399220 0.004752
Harimau.png
144 97 218 |0.284241 0.152344 0.285339 0.208984 0.270325 0.207947
0.470496 0.830094 0.299295
Harimau_engine.png
246 248 47 |0.289154 0.951813 0.289154 0.799103 0.302094 0.784332
0.000000 0.883120 -0.469148
Harimau.png
26 160 45 |0.265930 0.079224 0.257202 0.085693 0.221008 0.077148
0.658843 0.751471 -0.034896
Harimau.png
185 25 249 |0.042358 0.135620 0.014282 0.205933 0.014282 0.164246
0.786480 0.557415 0.265967
Harimau.png
25 27 249 |0.341431 0.047668 0.247498 0.028259 0.341431 0.006409
0.803425 0.569425 -0.173965
Harimau.png
95 101 96 |0.351196 0.151306 0.371704 0.151672 0.316833 0.235046
0.402518 0.898341 -0.175963
Harimau.png
177 101 95 |0.351196 0.094666 0.371704 0.151672 0.351196 0.151306
0.591156 0.785439 -0.183361
Harimau.png
174 90 98 |0.351196 0.402100 0.351196 0.345398 0.371704 0.345032
-0.591153 0.785436 -0.183382
Harimau.png
89 98 90 |0.316833 0.261658 0.371704 0.345032 0.351196 0.345398
-0.402470 0.898359 -0.175979
Harimau.png
177 148 101 |0.351196 0.094666 0.414246 0.094116 0.371704 0.151672
0.585256 0.796190 -0.153482
Harimau.png
148 102 101 |0.414246 0.094116 0.411316 0.150940 0.371704 0.151672
0.394889 0.836619 -0.379645
Harimau.png
174 98 145 |0.351196 0.402100 0.371704 0.345032 0.414246 0.402588
-0.585250 0.796194 -0.153483
Harimau.png
145 98 99 |0.414246 0.402588 0.371704 0.345032 0.411316 0.345764
-0.394893 0.836626 -0.379628
Harimau.png
146 241 250 |0.434082 0.403015 0.452820 0.432678 0.445435 0.431885
-0.186837 0.726274 -0.661527
Harimau.png
145 146 250 |0.414246 0.402588 0.434082 0.403015 0.445435 0.431885
-0.394040 0.833519 -0.387270
Harimau_engine.png
93 150 245 |0.037933 0.152130 0.037933 0.152130 0.037933 0.152130
-0.508022 -0.860115 0.045997
Harimau_engine.png
243 179 251 |0.040009 0.154327 0.040009 0.154327 0.040009 0.154327
0.168575 0.693941 -0.700020
Harimau_engine.png
87 242 147 |0.037933 0.152130 0.037933 0.152130 0.037933 0.152130
0.508022 -0.860115 0.045997
Harimau_engine.png
241 252 176 |0.040009 0.154327 0.040009 0.154327 0.040009 0.154327
-0.168574 0.693941 -0.700020
Harimau_engine.png
243 253 179 |0.040009 0.154327 0.040009 0.154327 0.040009 0.154327
0.186897 0.726251 -0.661535
Harimau.png
179 253 148 |0.456787 0.035950 0.445435 0.064819 0.414246 0.094116
0.394255 0.833528 -0.387032
Harimau.png
253 149 148 |0.445435 0.064819 0.434082 0.093689 0.414246 0.094116
0.393980 0.833567 -0.387229
Harimau.png
243 149 253 |0.452820 0.064087 0.434082 0.093689 0.445435 0.064819
0.186797 0.726290 -0.661521
Harimau_engine.png
170 169 143 |0.037933 0.152130 0.037933 0.152130 0.037933 0.152130
-0.500020 -0.847789 0.176730
Harimau_engine.png
143 169 92 |0.037933 0.152130 0.037933 0.152130 0.037933 0.152130
-0.490228 -0.853507 0.176642
Harimau_engine.png
241 176 250 |0.040009 0.154327 0.040009 0.154327 0.040009 0.154327
-0.186897 0.726251 -0.661535
Harimau.png
176 145 250 |0.456787 0.460815 0.414246 0.402588 0.445435 0.431885
-0.394164 0.833502 -0.387182
Harimau_engine.png
140 164 163 |0.037933 0.152130 0.037933 0.152130 0.037933 0.152130
0.500019 -0.847808 0.176644
Harimau_engine.png
140 88 164 |0.037933 0.152130 0.037933 0.152130 0.037933 0.152130
0.490236 -0.853520 0.176558
Harimau.png
45 254 255 |0.385315 0.710877 0.365173 0.604919 0.373413 0.603455
0.382630 0.315833 -0.868242
Harimau.png
254 256 255 |0.365173 0.604919 0.368347 0.577881 0.373413 0.603455
0.337234 0.372402 -0.864633
Harimau_engine.png
193 71 18 |0.972992 0.704254 0.954437 0.764557 0.902802 0.670563
-0.338517 0.370521 -0.864940
Harimau_engine.png
194 193 18 |0.984833 0.619415 0.972992 0.704254 0.902802 0.670563
-0.387311 0.206329 -0.898565
Harimau_engine.png
204 43 239 |0.984833 0.619415 0.902802 0.670685 0.972992 0.704254
0.385955 0.209055 -0.898518
Harimau_engine.png
43 204 85 |0.037933 0.152130 0.037933 0.152130 0.037933 0.152130
0.364319 0.844893 -0.391698
Harimau.png
45 255 257 |0.385315 0.710877 0.373413 0.603455 0.399963 0.653565
0.382631 0.315836 -0.868240
Harimau.png
45 257 27 |0.221008 0.077148 0.225037 0.027222 0.247498 0.028259
0.843551 0.535072 -0.046034
Harimau.png
46 258 259 |0.222351 0.420898 0.248535 0.467346 0.226257 0.468323
-0.843464 0.535210 -0.046019
Harimau.png
46 259 260 |0.385315 0.789734 0.399963 0.847046 0.373413 0.897156
-0.383206 0.314809 -0.868360
Harimau_engine.png
192 194 120 |0.040009 0.154327 0.040009 0.154327 0.040009 0.154327
-0.387295 0.206326 -0.898572
Harimau_engine.png
18 120 194 |0.037933 0.152130 0.037933 0.152130 0.037933 0.152130
-0.412085 0.566173 -0.713887
Harimau.png
46 260 261 |0.385315 0.789734 0.373413 0.897156 0.365173 0.895691
-0.383237 0.314862 -0.868327
Harimau.png
261 260 262 |0.365173 0.895691 0.373413 0.897156 0.368347 0.922669
-0.338564 0.370643 -0.864869
Harimau.png
60 258 61 |0.341858 0.488098 0.248535 0.467346 0.266907 0.418945
-0.852811 0.500919 -0.147627
Harimau.png
46 61 258 |0.222351 0.420898 0.266907 0.418945 0.248535 0.467346
-0.843502 0.535162 -0.045894
Harimau_engine.png
203 204 239 |0.040009 0.154327 0.040009 0.154327 0.040009 0.154327
0.385795 0.209008 -0.898598
Harimau_engine.png
42 203 239 |0.954437 0.764557 0.990570 0.712677 0.972992 0.704254
0.337155 0.372249 -0.864730
0.175275 0.523037 2.031580
0.683985 0.223584 0.630697
0.193479 0.638050 0.631776
-0.177522 0.523037 2.031580
-0.195726 0.638050 0.631776
-0.686232 0.223877 0.631776
0.085457 0.243946 2.292757
-0.280982 0.325101 -0.107777
0.278735 0.324665 -0.109402
0.359517 0.495055 -1.688653
0.432489 0.379789 -1.711119
0.403959 0.308030 -2.292567
0.368486 0.667760 -0.798928
0.230610 0.721645 -0.334337
0.634346 0.476751 -0.816008
0.426458 0.213549 -1.496544
-0.428740 0.213549 -1.496555
-0.147535 0.102243 -1.860523
-0.435371 0.324709 -0.959259
-0.370734 0.667760 -0.798928
-0.636594 0.476941 -0.815285
-0.232857 0.721646 -0.334337
0.145253 0.102256 -1.860512
0.291642 0.213549 -2.458005
-0.293923 0.213549 -2.458005
0.180115 0.561114 -1.496544
0.140647 0.770473 -1.136080
0.286880 0.547486 -1.048076
-0.406230 0.308030 -2.292567
-0.361788 0.495055 -1.688653
-0.321608 0.478565 -2.103339
-0.105196 0.101955 -2.325014
-0.147535 0.299750 -2.180918
0.145253 0.299750 -2.180918
0.113152 0.658255 -2.066097
-0.127851 0.498102 -2.361111
-0.115433 0.658255 -2.066097
-0.289139 0.547585 -1.047675
-0.305562 0.387333 -1.496555
-0.434748 0.379789 -1.711119
0.725901 0.113883 0.630151
0.292944 0.547150 -0.940855
0.600809 0.451370 -0.840021
0.433123 0.324488 -0.960071
-0.084065 0.920310 -0.326448
0.152753 0.769817 -0.921638
-0.155001 0.769817 -0.921638
0.140647 0.770473 -1.136080
0.089484 0.561114 -1.496544
0.079615 0.684518 -1.286530
0.111116 0.717140 -0.102080
0.048492 0.840694 -0.340613
0.048492 0.841607 -0.132769
-0.048492 0.840694 -0.336062
-0.111115 0.717140 -0.102080
-0.048492 0.841607 -0.132769
0.043184 0.672799 -1.781320
0.042628 0.783879 -1.341442
0.087515 0.672799 -1.781320
0.319348 0.478565 -2.103339
-0.305562 0.387333 -1.496555
-0.142917 0.770473 -1.136080
-0.182385 0.561114 -1.496544
-0.142917 0.770473 -1.136080
-0.379824 0.133056 2.258073
0.377577 0.132621 2.256449
0.303281 0.387333 -1.496544
-0.170090 0.474625 -2.349071
-0.728159 0.114318 0.631776
-0.087715 0.244816 2.296006
-0.295192 0.547265 -0.940454
-0.603057 0.451571 -0.839286
0.102903 0.101955 -2.325014
0.377577 0.132621 2.256449
-0.082196 0.589946 2.092290
-0.144374 0.408040 2.532257
-0.047691 0.467423 2.532257
0.068410 0.734933 -0.031034
0.000000 0.723729 -0.008345
0.138344 0.692039 -0.001791
-0.044909 0.783879 -1.341442
-0.045466 0.672799 -1.781320
-0.091766 0.561114 -1.496544
-0.081896 0.684518 -1.286530
0.818534 0.095157 -0.134071
0.765669 0.237983 -0.837361
-0.448935 0.485542 -1.764685
-0.870276 0.112994 -2.455157
-0.652273 0.290193 -2.347113
-0.115945 0.714370 -2.063549
-0.475362 0.520567 -2.230901
-0.252564 0.688656 -1.910005
0.652228 0.290193 -2.347113
0.870275 0.112994 -2.455157
0.448935 0.485542 -1.764685
0.475317 0.520566 -2.230901
0.115945 0.714370 -2.063549
0.252564 0.688656 -1.910005
-0.463033 0.506516 -2.330822
-0.419426 0.439564 -2.523733
-0.624077 0.246275 -2.681850
0.462989 0.506516 -2.330833
0.419381 0.439564 -2.523733
0.624031 0.246275 -2.681850
-0.068410 0.734934 -0.031034
0.000000 0.743111 0.040881
0.000000 0.834287 0.037810
-0.059986 0.834287 -0.034016
0.000000 0.733708 -0.102703
0.122710 0.703900 -0.340613
0.115121 0.638050 0.631776
0.115121 0.677653 0.163958
0.041860 0.815328 0.235951
-0.115121 0.677653 0.163958
-0.041860 0.731452 0.692330
-0.041860 0.815328 0.235951
-0.127851 0.498102 -2.361111
0.125569 0.498102 -2.361111
0.167808 0.474624 -2.349071
-0.820793 0.095592 -0.132446
-0.767917 0.238417 -0.835737
-0.195726 0.638050 0.631776
0.230610 0.721645 -0.334337
-0.232857 0.721646 -0.334337
0.081818 0.920310 -0.326448
0.291642 0.213549 -2.458005
0.167808 0.474624 -2.349071
0.608598 0.039342 -2.037422
-0.293923 0.213549 -2.458005
-0.610891 0.039343 -2.037433
0.193479 0.638050 0.631776
0.079949 0.589946 2.092290
0.096183 0.800993 0.737050
-0.098430 0.800993 0.737050
0.045432 0.467423 2.532257
0.113152 0.658255 -2.066097
-0.115433 0.658255 -2.066097
-0.089785 0.672799 -1.781320
0.041860 0.731452 0.692330
-0.215399 0.604689 -1.710351
-0.436429 0.466044 -2.096329
-0.491252 0.551446 -1.904676
0.215399 0.604689 -1.710351
0.436428 0.466044 -2.096329
0.491252 0.551446 -1.904676
-0.668540 0.315528 -2.537954
-0.646464 0.281146 -2.634414
-0.744928 0.172556 -2.725824
0.668496 0.315527 -2.537954
0.646430 0.281146 -2.634414
0.744928 0.172555 -2.725824
0.125569 0.498102 -2.361111
0.142127 0.408040 2.532257
-0.047691 0.347431 2.748757
-0.137498 0.303746 2.747945
0.135250 0.303536 2.747133
-0.119305 0.047587 -2.170191
0.117013 0.047587 -2.170180
0.081818 0.920310 -0.326448
-0.122710 0.703900 -0.347133
0.117703 0.792515 -1.094587
-0.119973 0.792516 -1.094587
-0.387770 0.390247 -2.593879
-0.093168 0.659033 -2.141728
-0.412093 0.428145 -2.347113
-0.252564 0.688656 -1.910005
-0.215866 0.604376 -1.909928
-0.115945 0.714370 -2.063549
0.387725 0.390246 -2.593879
0.412049 0.428145 -2.347113
0.093167 0.659033 -2.141728
0.252564 0.688656 -1.910005
0.115945 0.714370 -2.063549
0.215866 0.604376 -1.909928
-0.694355 0.355743 -2.230901
-0.889570 0.154319 -2.557126
-0.875639 0.121373 -2.745085
0.694310 0.355743 -2.230901
0.889569 0.154319 -2.557126
0.875638 0.121373 -2.745085
-0.170090 0.474625 -2.349071
-0.098430 0.800993 0.737050
-0.379824 0.133056 2.258073
0.135250 0.303536 2.747133
-0.137498 0.303746 2.747945
0.410669 0.300339 -1.631772
0.608598 0.039342 -2.037422
0.547443 0.076309 -2.411939
-0.610891 0.039343 -2.037433
-0.412950 0.300339 -1.631772
-0.549736 0.076309 -2.411939
-0.115121 0.638050 0.631776
-0.720148 0.381535 -0.823463
-0.663188 0.370165 -0.850625
-0.701410 0.255677 -0.860439
-0.767917 0.238417 -0.835737
-0.820793 0.095592 -0.132446
-0.720148 0.381535 -0.823463
-0.728159 0.114318 0.631776
0.000000 0.834287 -0.100723
0.725901 0.113883 0.630151
0.818534 0.095157 -0.134071
0.717900 0.381247 -0.824554
0.717900 0.381247 -0.824554
0.699162 0.255286 -0.861896
0.765669 0.237983 -0.837361
0.096183 0.800993 0.737050
0.059986 0.834287 -0.034016
-0.138344 0.692039 -0.001791
-0.412950 0.300339 -1.631772
0.410669 0.300339 -1.631772
0.045432 0.347431 2.748757
-0.243673 0.667368 -1.836989
-0.243673 0.667368 -1.836989
-0.448935 0.485542 -1.764685
-0.215399 0.604689 -1.710351
0.243673 0.667368 -1.836989
0.448935 0.485542 -1.764685
0.243673 0.667368 -1.836989
0.215399 0.604689 -1.710351
-0.084065 0.920310 -0.326448
0.180115 0.561114 -1.496544
0.087515 0.672799 -1.781320
-0.089785 0.672799 -1.781320
-0.182385 0.561114 -1.496544
0.870275 0.112994 -2.455157
0.875638 0.121373 -2.745085
0.889569 0.154319 -2.557126
-0.870276 0.112994 -2.455157
-0.875639 0.121373 -2.745085
-0.889570 0.154319 -2.557126
0.547443 0.076309 -2.411939
-0.549736 0.076309 -2.411939
0.028997 0.866277 -0.034761
-0.028997 0.866277 -0.034761
-0.093168 0.659033 -2.141728
0.093167 0.659033 -2.141728
-0.387770 0.390247 -2.593879
0.387725 0.390246 -2.593879
0.660941 0.369896 -0.851648
-0.624077 0.246275 -2.681850
-0.744928 0.172556 -2.725824
-0.865769 0.098829 -2.769810
0.744928 0.172555 -2.725824
0.624031 0.246275 -2.681850
0.865769 0.098829 -2.769810
-0.119973 0.792516 -1.094587
0.286880 0.547486 -1.048076
0.117703 0.792515 -1.094587
0.303281 0.387333 -1.496544
-0.761052 0.201266 -2.689750
0.865769 0.098829 -2.769810
-0.865769 0.098829 -2.769810
0.761051 0.201266 -2.689750
0.634346 0.476751 -0.816008
0.600809 0.451370 -0.840021
0.717900 0.381247 -0.824554
0.292944 0.547150 -0.940855
-0.289139 0.547585 -1.047675
-0.295192 0.547265 -0.940454
-0.603057 0.451571 -0.839286
-0.636594 0.476941 -0.815285
-0.720148 0.381535 -0.823463
